400.972	85.8149
401.972	86.7389
402.972	87.2584
403.972	87.2103
404.972	88.1309
405.972	88.63
406.972	89.0035
407.972	89.2619
408.972	89.7523
409.972	90.4903
410.972	91.0806
411.972	91.7751
412.972	91.5791
413.972	92.2167
414.972	92.6669
415.972	93.0024
416.972	93.5315
417.972	93.8627
418.972	94.4412
419.972	94.3571
420.972	94.9117
421.972	95.1407
422.972	95.6518
423.972	96.1049
424.972	96.3996
425.972	96.4299
426.972	96.97
427.972	97.5329
428.972	97.8937
429.972	98.1138
430.972	98.1909
431.972	98.5465
432.972	98.7768
433.972	99.1889
434.972	99.6065
435.972	99.9476
436.972	100.122
437.972	100.209
438.972	100.668
439.972	100.808
440.972	101.515
441.972	101.337
442.972	101.683
443.972	101.976
444.972	102.136
445.972	102.37
446.972	102.862
447.972	102.963
448.972	103.019
449.972	103.481
450.972	103.564
451.972	103.83
452.972	103.971
453.972	104.137
454.972	104.335
455.972	104.477
456.972	104.897
457.972	105.094
458.972	105.135
459.972	105.199
460.972	105.457
461.972	105.556
462.972	105.869
463.972	105.873
464.972	106.107
465.972	106.291
466.972	106.388
467.972	106.617
468.972	106.85
469.972	106.87
470.972	107.096
471.972	107.126
472.972	107.32
473.972	107.489
474.972	107.601
475.972	107.813
476.972	107.903
477.972	107.959
478.972	108.076
479.972	108.204
480.972	108.291
481.972	108.537
482.972	108.526
483.972	108.587
484.972	108.745
485.972	108.824
486.972	108.924
487.972	109.062
488.972	109.158
489.972	109.228
490.972	109.268
491.972	109.373
492.972	109.569
493.972	109.607
494.972	109.649
495.972	109.67
496.972	109.865
497.972	109.909
498.972	110.02
499.972	110.039
500.972	110.158
501.972	110.115
502.972	110.261
503.972	110.348
504.972	110.402
505.972	110.503
506.972	110.575
507.972	110.525
508.972	110.685
509.972	110.675
510.972	110.83
511.972	110.795
512.972	110.89
513.972	110.961
514.972	110.915
515.972	111.104
516.972	111.179
517.972	111.204
518.972	111.24
519.972	111.212
520.972	111.336
521.972	111.308
522.972	111.425
523.972	111.451
524.972	111.485
525.972	111.452
526.972	111.511
527.972	111.564
528.972	111.603
529.972	111.674
530.972	111.656
531.972	111.665
532.972	111.763
533.972	111.829
534.972	111.795
535.972	111.86
536.972	111.91
537.972	111.931
538.972	112.009
539.972	111.97
540.972	112.059
541.972	112.055
542.972	112.052
543.972	112.135
544.972	112.172
545.972	112.209
546.972	112.243
547.972	112.244
548.972	112.265
549.972	112.3
550.972	112.333
551.972	112.335
552.972	112.294
553.972	112.332
554.972	112.427
555.972	112.454
556.972	112.405
557.972	112.464
558.972	112.54
559.972	112.512
560.972	112.506
561.972	112.563
562.972	112.601
563.972	112.601
564.972	112.634
565.972	112.649
566.972	112.68
567.972	112.689
568.972	112.673
569.972	112.749
570.972	112.772
571.972	112.749
572.972	112.767
573.972	112.8
574.972	112.896
575.972	112.851
576.972	112.864
577.972	112.855
578.972	112.903
579.972	112.892
580.972	112.932
581.972	112.922
582.972	112.923
583.972	112.985
584.972	112.987
585.972	113.043
586.972	113.019
587.972	113.043
588.972	113.061
589.972	113.063
590.972	113.091
591.972	113.127
592.972	113.131
593.972	113.138
594.972	113.138
595.972	113.136
596.972	113.154
597.972	113.165
598.972	113.222
599.972	113.239
600.972	113.276
601.972	113.247
602.972	113.319
603.972	113.311
604.972	113.303
605.972	113.365
606.972	113.383
607.972	113.386
608.972	113.385
609.972	113.382
610.972	113.429
611.972	113.478
612.972	113.461
613.972	113.479
614.972	113.479
615.972	113.511
616.972	113.533
617.972	113.534
618.972	113.547
619.972	113.551
620.972	113.591
621.972	113.605
622.972	113.586
623.972	113.622
624.972	113.632
625.972	113.679
626.972	113.704
627.972	113.683
628.972	113.712
629.972	113.713
630.972	113.716
631.972	113.772
632.972	113.789
633.972	113.77
634.972	113.803
635.972	113.856
636.972	113.856
637.972	113.883
638.972	113.906
639.972	113.907
640.972	113.92
641.972	113.88
642.972	113.946
643.972	113.963
644.972	114.001
645.972	113.997
646.972	113.993
647.972	114.048
648.972	114.053
649.972	114.09
650.972	114.071
651.972	114.111
652.972	114.091
653.972	114.149
654.972	114.144
655.972	114.187
656.972	114.226
657.972	114.237
658.972	114.264
659.972	114.265
660.972	114.317
661.972	114.333
662.972	114.344
663.972	114.369
664.972	114.386
665.972	114.381
666.972	114.459
667.972	114.437
668.972	114.475
669.972	114.491
670.972	114.541
671.972	114.546
672.972	114.587
673.972	114.585
674.972	114.617
675.972	114.629
676.972	114.657
677.972	114.704
678.972	114.681
679.972	114.767
680.972	114.767
681.972	114.785
682.972	114.775
683.972	114.802
684.972	114.896
685.972	114.889
686.972	114.892
687.972	114.957
688.972	114.932
689.972	114.966
690.972	114.998
691.972	115.053
692.972	115.089
693.972	115.118
694.972	115.127
695.972	115.125
696.972	115.179
697.972	115.231
698.972	115.213
699.972	115.223
700.972	115.224
701.972	115.282
702.972	115.309
703.972	115.33
704.972	115.366
705.972	115.391
706.972	115.418
707.972	115.455
708.972	115.498
709.972	115.548
710.972	115.558
711.972	115.583
712.972	115.627
713.972	115.677
714.972	115.668
715.972	115.739
716.972	115.763
717.972	115.795
718.972	115.796
719.972	115.86
720.972	115.873
721.972	115.905
722.972	115.966
723.972	115.998
724.972	116.01
725.972	116.033
726.972	116.099
727.972	116.172
728.972	116.16
729.972	116.255
730.972	116.257
731.972	116.285
732.972	116.357
733.972	116.359
734.972	116.426
735.972	116.439
736.972	116.483
737.972	116.555
738.972	116.528
739.972	116.604
740.972	116.649
741.972	116.692
742.972	116.789
743.972	116.791
744.972	116.832
745.972	116.874
746.972	116.89
747.972	116.994
748.972	117.01
749.972	117.037
750.972	117.103
751.972	117.175
752.972	117.184
753.972	117.227
754.972	117.301
755.972	117.365
756.972	117.386
757.972	117.411
758.972	117.463
759.972	117.533
760.972	117.588
761.972	117.648
762.972	117.709
763.972	117.764
764.972	117.826
765.972	117.855
766.972	117.907
767.972	117.948
768.972	118.014
769.972	118.05
770.972	118.145
771.972	118.171
772.972	118.293
773.972	118.33
774.972	118.329
775.972	118.427
776.972	118.492
777.972	118.587
778.972	118.601
779.972	118.672
780.972	118.751
781.972	118.792
782.972	118.887
783.972	118.84
784.972	118.936
785.972	119.019
786.972	119.071
787.972	119.139
788.972	119.251
789.972	119.248
790.972	119.286
791.972	119.409
792.972	119.491
793.972	119.476
794.972	119.581
795.972	119.595
796.972	119.673
797.972	119.679
798.972	119.769
799.972	119.852
800.972	119.876
801.972	119.986
802.972	120.039
803.972	120.032
804.972	120.081
805.972	120.149
806.972	120.196
807.972	120.214
808.972	120.289
809.972	120.313
810.972	120.331
811.972	120.392
812.972	120.386
813.972	120.431
814.972	120.454
815.972	120.511
816.972	120.549
817.972	120.537
818.972	120.551
819.972	120.587
820.972	120.596
821.972	120.607
822.972	120.605
823.972	120.632
824.972	120.654
825.972	120.606
826.972	120.657
827.972	120.632
828.972	120.598
829.972	120.574
830.972	120.621
831.972	120.565
832.972	120.584
833.972	120.554
834.972	120.481
835.972	120.492
836.972	120.444
837.972	120.437
838.972	120.391
839.972	120.311
840.972	120.292
841.972	120.264
842.972	120.158
843.972	120.125
844.972	120.122
845.972	119.977
846.972	119.939
847.972	119.92
848.972	119.828
849.972	119.771
850.972	119.67
851.972	119.587
852.972	119.458
853.972	119.391
854.972	119.319
855.972	119.21
856.972	119.101
857.972	118.978
858.972	118.886
859.972	118.75
860.972	118.658
861.972	118.609
862.972	118.567
863.972	118.377
864.972	118.332
865.972	118.176
866.972	118.047
867.972	117.966
868.972	117.849
869.972	117.719
870.972	117.562
871.972	117.534
872.972	117.353
873.972	117.289
874.972	117.118
875.972	116.977
876.972	116.889
877.972	116.76
878.972	116.679
879.972	116.58
880.972	116.422
881.972	116.248
882.972	116.163
883.972	116.073
884.972	115.911
885.972	115.8
886.972	115.619
887.972	115.533
888.972	115.391
889.972	115.314
890.972	115.131
891.972	114.998
892.972	114.96
893.972	114.82
894.972	114.759
895.972	114.643
896.972	114.457
897.972	114.307
898.972	114.197
899.972	114.128
900.972	114.026
901.972	113.87
902.972	113.741
903.972	113.621
904.972	113.454
905.972	113.42
906.972	113.343
907.972	113.244
908.972	113.122
909.972	112.985
910.972	112.831
911.972	112.752
912.972	112.648
913.972	112.567
914.972	112.435
915.972	112.366
916.972	112.259
917.972	112.158
918.972	112.066
919.972	111.976
920.972	111.847
921.972	111.714
922.972	111.668
923.972	111.575
924.972	111.466
925.972	111.389
926.972	111.282
927.972	111.183
928.972	111.109
929.972	110.984
930.972	110.996
931.972	110.866
932.972	110.78
933.972	110.638
934.972	110.569
935.972	110.472
936.972	110.426
937.972	110.343
938.972	110.261
939.972	110.181
940.972	110.105
941.972	110.037
942.972	109.974
943.972	109.904
944.972	109.828
945.972	109.733
946.972	109.671
947.972	109.627
948.972	109.526
949.972	109.485
950.972	109.377
951.972	109.348
952.972	109.269
953.972	109.222
954.972	109.097
955.972	109.058
956.972	109.004
957.972	108.936
958.972	108.857
959.972	108.799
960.972	108.73
961.972	108.655
962.972	108.614
963.972	108.553
964.972	108.538
965.972	108.45
966.972	108.395
967.972	108.348
968.972	108.279
969.972	108.242
970.972	108.196
971.972	108.105
972.972	108.07
973.972	108.004
974.972	107.958
975.972	107.905
976.972	107.862
977.972	107.774
978.972	107.738
979.972	107.683
980.972	107.641
981.972	107.617
982.972	107.559
983.972	107.52
984.972	107.467
985.972	107.451
986.972	107.363
987.972	107.318
988.972	107.29
989.972	107.258
990.972	107.2
991.972	107.183
992.972	107.123
993.972	107.059
994.972	107.022
995.972	106.977
996.972	106.926
997.972	106.875
998.972	106.875
999.972	106.809
1000.97	106.755
1001.97	106.752
1002.97	106.705
1003.97	106.683
1004.97	106.633
1005.97	106.583
1006.97	106.581
1007.97	106.552
1008.97	106.508
1009.97	106.474
1010.97	106.459
1011.97	106.414
1012.97	106.386
1013.97	106.398
1014.97	106.296
1015.97	106.298
1016.97	106.251
1017.97	106.24
1018.97	106.191
1019.97	106.132
1020.97	106.15
1021.97	106.125
1022.97	106.11
1023.97	106.075
1024.97	106.049
1025.97	106.007
1026.97	106.016
1027.97	105.941
1028.97	105.897
1029.97	105.809
1030.97	105.855
1031.97	105.8
1032.97	105.812
1033.97	105.8
1034.97	105.746
1035.97	105.727
1036.97	105.656
1037.97	105.584
1038.97	105.584
1039.97	105.636
1040.97	105.575
1041.97	105.526
1042.97	105.519
1043.97	105.448
1044.97	105.444
1045.97	105.439
1046.97	105.422
1047.97	105.368
1048.97	105.34
1049.97	105.307
1050.97	105.321
1051.97	105.285
1052.97	105.238
1053.97	105.218
1054.97	105.231
1055.97	105.208
1056.97	105.179
1057.97	105.147
1058.97	105.132
1059.97	105.107
1060.97	105.087
1061.97	105.064
1062.97	105.065
1063.97	105.014
1064.97	105.017
1065.97	105.003
1066.97	104.958
1067.97	104.948
1068.97	104.907
1069.97	104.913
1070.97	104.903
1071.97	104.872
1072.97	104.846
1073.97	104.81
1074.97	104.825
1075.97	104.805
1076.97	104.775
1077.97	104.749
1078.97	104.739
1079.97	104.73
1080.97	104.704
1081.97	104.687
1082.97	104.682
1083.97	104.666
1084.97	104.643
1085.97	104.646
1086.97	104.591
1087.97	104.613
1088.97	104.607
1089.97	104.549
1090.97	104.569
1091.97	104.541
1092.97	104.538
1093.97	104.515
1094.97	104.468
1095.97	104.49
1096.97	104.469
1097.97	104.417
1098.97	104.425
1099.97	104.435
